1.685714
1.328571
1.357143
1.071429
0.900000
0.685714
0.571429
0.385714
0.271429
0.000000
0.000000
0.000000
0.000000
0.000000
0.000000
0.000000
0.000000
0.128571
0.228571
0.257143
0.571429
0.614286
0.671429
1.014286
0.885714
1.085714
1.057143
0.771429
0.728571
0.671429
0.328571
0.328571
0.071429
0.071429
0.042857
0.042857
0.157143
0.157143
0.157143
0.114286
0.185714
0.414286
0.414286
0.357143
0.728571
0.942857
0.942857
1.000000
1.200000
1.585714
1.528571
1.285714
1.485714
1.928571
1.800000
1.628571
1.457143
1.542857
1.414286
1.000000
0.771429
1.000000
0.742857
0.528571
0.528571
0.528571
0.528571
