27.700000
31.000000
32.700000
34.700000
35.900000
37.400000
38.200000
39.500000
40.300000
42.200000
41.300000
40.400000
39.800000
38.700000
36.500000
35.700000
33.400000
29.800000
27.500000
25.200000
24.700000
23.100000
22.800000
22.700000
23.600000
24.300000
24.500000
26.700000
27.000000
27.400000
29.800000
29.400000
31.500000
29.600000
29.800000
28.900000
28.700000
27.200000
25.700000
26.000000
25.200000
21.600000
20.300000
21.100000
20.400000
19.800000
19.100000
19.600000
21.200000
21.000000
21.400000
24.000000
25.500000
25.500000
26.400000
29.400000
32.100000
31.400000
32.300000
35.200000
38.300000
36.600000
38.400000
39.900000
40.500000
39.400000
39.000000
40.500000
42.100000
38.700000
37.500000
38.100000
36.500000
35.400000
