nan
42.599278
30.000000
29.051988
19.020173
12.534819
6.417112
1.308901
-7.594937
-11.414392
-20.853081
-27.845036
-31.930693
-36.683417
-36.175711
-36.712329
-36.134454
-32.035928
-20.805369
-11.636364
-2.777778
8.097166
16.883117
20.175439
31.277533
24.576271
29.629630
20.816327
11.610487
7.037037
4.744526
-8.724832
-12.585034
-17.460317
-14.864865
-27.516779
-29.757785
-26.480836
-25.000000
-22.957198
-26.538462
-22.222222
-1.851852
3.448276
1.421801
17.647059
28.787879
33.507853
34.693878
38.679245
52.857143
46.728972
34.583333
38.039216
50.196078
38.636364
30.612245
24.299065
28.980892
21.981424
10.795455
5.744125
15.027322
0.781250
-6.015038
-5.925926
-7.360406
-9.230769
