nan
3.457025
2.820190
2.499061
2.396085
2.063878
1.556553
1.189066
1.073617
1.718329
2.235885
2.647756
3.502536
4.199806
4.644505
4.513472
4.359367
3.576454
2.480454
1.599745
0.906665
0.772222
1.293784
1.606619
1.708562
2.019497
1.978043
2.162576
1.642919
1.428714
1.131912
0.844671
1.202379
1.736757
1.559696
1.665496
2.298713
2.769661
2.572222
2.410690
2.313845
1.846784
0.803055
0.715998
0.767982
0.817413
1.516306
2.129003
2.195450
2.157190
2.707586
3.247731
2.951444
2.869971
3.196299
3.552406
2.929373
2.768187
2.978700
2.648681
1.736757
1.178030
1.273273
1.123406
1.066943
1.386377
1.434986
1.740631
2.128044
